4
136
8
70
136
0
64
168
4
136
0
70
136
0
64
200
192
200
201
136
201
184
129
195
4
136
0
70
136
1
64
200
4
136
0
70
136
0
64
200
201
136
201
184
129
195
4
136
0
70
136
2
64
200
4
136
0
70
136
0
64
200
201
136
201
184
129
195
4
136
0
70
136
2
64
184
194
200
4
136
0
70
136
6
64
200
201
136
201
73
200
4
136
6
70
136
14
64
176
201
197
4
136
12
70
136
3
64
176
196
4
136
0
70
136
1
64
200
4
136
0
70
136
1
64
184
194
200
4
136
0
70
136
0
64
184
194
200
201
136
201
68
200
201
136
201
184
129
195
4
136
0
70
136
2
64
200
4
136
0
70
136
2
64
184
194
200
4
136
0
70
136
1
64
200
201
136
201
68
200
201
136
201
184
129
195
4
136
4
70
136
4
64
176
196
4
136
0
70
136
1
64
184
194
200
201
193
